13487
12205
14416
12463
12988
11157
13030
10361
12404
14680
14479
12264
10391
10228
12905
12805
12506
13580
13344
14172
14039
11268
11604
14589
11703
13010
12026
10790
12238
12407
11033
14332
11134
10494
11291
10954
14007
12012
10083
12852
13644
14176
11292
13347
14658
11331
10082
12975
11877
13948
11071
13481
13127
14779
14823
11724
13080
10290
14586
13220
10751
13261
12561
10293
10043
10523
10165
13634
11177
12996
11079
11034
11312
13281
12687
12988
13093
14241
12143
14408
14049
12418
10196
12626
14696
11404
13856
13696
14005
14961
13213
12450
11021
10827
13508
12378
13100
14323
12773
11120
12427
14200
11605
13771
11967
13588
14379
11629
11372
13163
11969
10586
11814
11695
12565
12388
10938
10285
14150
11785
11227
13446
11913
13973
14389
10943
11099
13970
14528
14242
14099
13824
10040
13478
12784
14573
12454
10547
11766
12320
14914
12870
10854
12207
13009
12678
10157
14356
11424
13934
12304
12144
11291
15000
14156
13509
14343
13824
10311
11683
10836
10065
14936
12579
14588
12056
10741
12666
14030
14117
12322
14745
14710
11624
14816
11569
11477
14807
13751
11788
12607
13434
12640
12584
14258
14381
13068
10909
10130
14769
10644
10495
12382
10493
11682
13160
11823
11956
10385
10280
12310
12780
11052
14269
14297
10464
13560
11669
13422
11649
11716
13626
12295
12868
11753
12771
12848
14365
12941
12057
13992
11844
12588
12649
14978
12233
12159
13952
12858
11622
13210
11186
11444
11714
12887
14214
11448
11379
12550
12031
10218
12060
10231
14610
10354
10438
11465
13733
14830
13858
14753
12024
10096
12218
12545
14720
14218
12056
14502
12922
13446
14779
12472
10643
14871
10469
12760
13033
12803
13902
10547
14670
10902
12897
11551
12735
14398
11264
14985
12302
12070
13624
10905
11511
14203
11982
13849
10486
10546
10737
14406
14184
14351
12202
14954
14896
10298
14647
13956
13043
12883
14487
11461
10707
14732
12872
13031
10408
13511
13781
10780
12011
10612
10966
12763
13927
11251
13514
13704
14926
14266
13760
10764
13401
10433
10147
11673
14851
12969
10768
12014
11531
11388
14779
10530
10819
11349
13199
13710
14177
11527
10631
13368
10581
14985
13752
12885
10653
10350
14420
13642
14993
13587
12366
14410
12372
13583
11374
10101
11551
13235
13271
13799
14616
11764
11180
10518
12136
10525
10532
13512
14871
13926
11337
12516
11353
12943
13783
10193
13308
12115
10976
11178
13647
13571
12420
13641
14676
12126
11513
10004
10047
10549
12551
12393
11892
13678
14493
11844
10403
12455
10380
11126
13560
11526
14518
12362
14282
11354
13789
10398
14876
14975
12544
13831
11667
13332
12750
14874
11482
13679
11576
12829
11379
12482
11125
11262
13315
11999
14948
12874
10133
14656
10510
13762
10702
14017
14467
13208
11704
14580
13596
11922
12338
11741
11855
14141
11049
14948
11762
13847
11636
11713
11839
14140
10554
10402
13280
12416
11106
11505
13869
13445
10152
13904
12005
13926
10623
11537
13781
14453
11215
11137
14177
14903
14287
14952
12503
13940
10401
14818
12219
10717
12659
13017
14048
11186
13002
12361
10860
14701
13755
14474
13105
12262
13606
12804
14515
10175
11794
13122
11996
10101
10644
11036
11251
10368
14869
13166
14194
11262
14369
13055
10637
12263
12912
14079
13351
14537
13785
14609
13834
13025
10347
13534
12892
10324
12238
12655
13688
12684
11778
14603
14209
10860
12884
14814
10406
13920
12864
10835
11514
10383
12844
14572
10960
13814
10520
11593
12743
12702
14690
12564
12673
12206
12586
10412
10999
14869
11513
13803
13366
14513
14516
10170
10371
10673
13897
10444
14229
13654
11732
12261
10016
14873
13551
11411
10388
11397
14077
12699
11205
10471
14788
10331
14066
14591
12079
10410
11006
12035
13113
10452
14817
14989
14864
10117
14246
13126
13936
14619
13752
10407
14363
14234
10253
14286
11308
12707
12745
10350
11892
12213
12261
11381
12993
14426
10723
14763
12191
13950
10131
11188
10295
13814
10210
12469
14352
11109
11348
12226
14555
13323
13824
11768
13510
13853
10093
10823
14556
10856
11728
13572
12413
12857
12297
14129
10640
13282
10175
11617
14429
11549
10329
13961
12041
13489
13545
12698
12352
11392
12776
13866
12329
14513
10211
11320
14568
13179
11547
13266
10580
14642
14463
12414
12701
10275
10603
12826
13648
14946
10577
14369
10032
10368
14931
14993
13364
12044
10127
14407
10093
13689
14578
10849
12598
14548
13367
11262
12495
12430
13255
11373
11183
12518
13825
12081
14305
12570
11358
14090
12155
10156
14483
10759
10191
12720
14239
10814
14212
11081
11838
14968
13164
13101
12831
12564
10533
10978
10821
11716
12975
10585
14155
12193
12062
11962
14703
14244
11474
11858
11173
14048
11165
14947
11896
11291
10933
12649
13464
11137
10243
13556
11300
11972
12413
13056
10640
10660
10890
12753
14789
14965
13214
13960
12693
13485
11660
11785
13348
12784
12474
10236
12911
14163
14230
12209
10996
14870
10093
10631
10772
14556
12897
13591
13706
14912
12841
11480
13257
13069
13247
11398
10462
12240
11049
14703
12752
14319
11705
11552
10478
14217
13790
11949
10211
10052
12014
10536
12468
11517
12026
13642
14548
12981
11885
14225
12381
10212
14605
10198
14629
14196
13288
10653
12217
12587
14437
12800
10059
12953
10224
12433
14438
11381
14658
14553
13530
11364
12405
11609
11294
10722
11218
14157
13557
10600
10908
12730
10098
10676
11457
12952
13793
13457
13309
12107
13708
13630
10045
11504
13833
10971
13069
13805
13124
10626
13857
11429
14684
12662
11297
14434
14495
12411
14323
11290
13628
12602
10292
10607
10230
12704
11958
13616
13355
11566
11418
11396
13260
12655
12244
11186
10699
10397
10358
13038
14594
11889
10676
14259
13880
11102
14248
11100
10339
13700
11001
11048
13752
11559
12854
13341
14897
14248
12830
11434
11073
13199
13358
12193
13343
10193
10899
14968
14408
13897
14986
12384
12326
13133
12415
11418
14106
10884
10840
11979
11234
10897
11997
10404
11683
14902
10465
10684
10898
10176
14580
12982
12414
12840
10053
14355
10236
12714
11211
11535
10933
12262
11881
13918
10046
12919
13322
10293
14438
10963
13377
11598
11901
12156
12994
13778
14436
12489
11624
11623
12420
10465
13982
12922
12294
12827
11425
11086
11182
14511
13014
10579
13824
11761
14917
12759
13471
10401
14662
14714
10601
14917
14119
12149
12251
13878
13020
13531
10845
12638
13141
13535
13641
14894
13240
14150
10121
13962
12912
10794
14295
11985
10592
10460
10448
13560
11831
14719
13244
10709
11554
14184
11635
13204
11812
11211
11616
11903
13022
12665
13284
11123
10816
12362
10217
10697
11879
10002
12017
11874
10354
12703
12913
12416
13217
13277
14971
11104
14287
11974
10524
10419
12721
10916
12247
13435
11847
12688
11257
10125
14033
13785
14136
13351
13368
13648
11232
10576
11497
11203
13371
10100
12013
14292
13309
10038
14311
13588
12242
11893
10769
13653
11946
14730
11940
14903
12072
10227
14854
11307
11302
12088
11912
11016
13320
14390
13881
13730
10490
13169
14851
13282
11187
13626
13683
14055
13627
11008
12733
14026
13370
12462
12537
10952
12073
13379
14848
10344
14209
13805
14041
14694
11256
10188
10911
14354
12110
11468
14141
13919
12982
10037
11362
12014
13269
12786
13187
12302
11299
14818
10107
12084
12272
13089
12878
13850
10266
13311
12235
12150
10142
12710
11577
11088
13592
13159
14181
13981
12759
14243
13318
12765
11898
11334
11821
12281
11149
10475
13078
10615
14180
12693
12711
10041
12971
11598
10934
12805
14017
13645
14049
10204
13179
11830
10637
14643
14461
10889
10617
10701
10917
14939
13048
14364
13757
10464
14662
14063
11224
12400
12510
14003
11678
14074
10730
10538
11721
14312
14052
14552
12883
10227
14292
11736
13973
14824
10771
12646
14897
13661
13228
13354
12153
11663
13016
14212
12993
13906
10923
10677
14892
11910
13430
14254
10657
14244
11204
14514
11574
14383
11196
14566
12062
13571
14585
11567
13096
12083
10314
13628
12726
14014
14918
12272
13415
11828
14328
11810
14057
12791
10867
11834
14657
10084
10544
12046
13132
10977
10571
12553
12927
14843
10928
13741
11946
13570
14143
14141
13943
10291
13873
10966
14261
12608
11864
11047
10262
12866
14750
11576
14715
14133
13195
14539
14998
10395
11728
14344
13387
13421
13979
13098
11738
14723
11045
12733
13003
11042
13814
13632
13098
11721
12602
14665
12710
12854
13744
11589
11697
13755
14406
12419
13731
14170
12279
12240
11248
14428
10811
11762
14159
11284
13924
14190
11033
10026
13379
11792
14329
13304
12384
10746
11153
13347
10729
13248
12003
10763
13334
11315
11387
12404
13656
14972
11012
14749
11654
13705
12726
10751
10944
10749
10858
13815
12790
13730
11935
11080
14518
13900
14586
10357
14853
11030
10831
11851
14282
11885
14548
11620
11278
12715
13150
13689
11896
10502
11899
13962
14981
11642
14358
10844
11304
13695
10161
10623
13350
12971
11691
11013
14474
11949
12513
14646
11872
13014
12083
14898
14009
10082
11575
14525
13068
13318
12960
12206
11028
12985
13235
13521
13139
10106
14696
10536
13184
14901
11927
12631
10354
12242
14734
12526
11216
11171
10504
11590
10691
12013
13064
10074
14938
10305
14909
10028
14496
12197
10937
10206
12552
12050
14803
10416
13993
14137
12478
10278
13339
10808
14879
12988
11071
11202
11793
10919
13364
11005
13002
11170
12987
13881
14982
12242
11686
13286
12967
12756
14220
13611
11882
11260
12812
13160
14818
10575
14042
13821
11726
12174
12922
14361
11206
13688
10228
13366
12073
13254
12920
13075
11388
14479
12818
14647
12887
14227
11459
12452
11537
10998
12339
10036
10195
11369
11403
13989
13329
12732
13878
10211
13256
11302
14949
11655
14388
11644
13606
12562
12170
10832
12905
14825
14349
12755
13021
12516
12702
12087
12563
13004
10255
11372
13912
10472
13661
11530
12717
14661
14810
11247
10838
11062
13636
12389
12084
12107
14492
11535
13770
10210
14951
13571
12653
12346
10912
14947
14675
11981
11250
13277
10104
13913
10453
13923
13246
11030
14724
10946
12675
10622
14483
13909
10387
11670
13035
12224
10966
12767
14978
10558
13610
11782
14989
13510
13366
14932
14071
14511
12630
10034
10982
13206
14940
14265
14297
12050
10616
11999
13378
13866
10004
11326
10342
13739
14177
12100
12157
10546
12541
10146
12538
10761
14922
14139
12830
14423
13339
12148
11841
10927
11966
11131
12292
11678
13470
10624
12468
13831
12210
12679
14605
13703
11657
13747
10978
13448
14776
14086
13736
11548
12765
12416
10404
12287
11947
14911
12264
14109
14882
11112
12630
13280
10439
12376
12501
14244
14984
10601
10853
14966
12745
11305
10156
13643
11019
10850
14977
14105
12294
10897
14703
10859
13598
13233
10465
11053
12240
10666
14735
13693
11243
13948
13237
10603
11515
11616
11236
14567
10304
10678
13713
13350
12299
13926
11530
12617
14587
10552
11503
14276
12175
14058
11162
14138
10466
11021
11121
14474
11560
13901
10415
12326
10530
14799
10902
10662
13653
14820
10905
11246
13890
11663
11497
14008
10142
11959
13142
13337
10383
10387
13046
13478
11599
14699
13363
14746
13697
14856
13566
13272
13657
11594
10957
12136
10527
10531
14778
11535
14104
11150
12566
14828
12271
11706
13894
11469
10591
10849
14745
11272
11570
10456
10216
11337
14500
13450
13543
13219
14761
11733
13060
11435
13924
14442
10236
14156
12543
12974
11524
10531
12953
13663
12893
13917
12044
14431
12063
12436
14285
10710
14019
13299
11146
11939
10934
11177
10485
12881
12063
14804
12977
10594
11444
11121
13806
14107
14466
12945
11188
12163
10520
12782
10399
10472
14183
13762
13565
11514
13541
10113
13355
12100
10288
14310
13941
13568
12680
11544
14816
11529
14341
11065
12469
12212
12692
11950
12008
14250
12514
14672
12809
10580
10030
12080
14655
12973
12162
13793
13455
10800
11234
10433
12873
10693
12712
14974
11652
13390
14554
14093
12381
14611
13624
11107
13400
11469
14527
14804
14956
11520
13071
12555
12755
12707
14456
11585
14857
13270
12011
12003
11163
13831
10747
11363
11019
10269
12094
10494
11406
12544
14423
14389
14652
11139
11428
10052
11618
14093
12008
12431
12256
12194
13992
14094
13739
11019
14194
12325
13374
14856
10978
13960
14812
13267
10606
11708
12374
11492
12539
11846
10934
10994
11534
12838
12835
13873
10813
10560
11010
10973
10317
13163
14290
14680
10698
13058
11911
12049
11072
12627
11868
14493
14985
11511
12113
12913
14913
14947
14539
13063
10077
13833
10265
11444
10990
12888
14205
12107
10451
12240
10021
10889
13926
12897
12453
13878
10324
11732
13783
13262
10884
13482
11444
10910
12753
13058
14708
10984
11327
11202
12132
14435
14044
13618
14587
10118
11581
13645
10335
14799
10233
10711
11497
13397
10054
10768
10787
10812
11416
14658
13849
10978
10720
14802
10677
13556
12426
12732
12969
14160
11502
13703
10655
13658
12531
12406
13510
12111
11743
14553
14492
13605
14320
13696
14986
11103
12478
10314
14629
14416
10025
13012
13446
12410
13434
13651
14787
11050
14025
12510
13176
13251
10122
13030
14145
12082
13227
11111
11544
10067
12273
13141
13755
12169
13873
13705
12347
13422
13443
14190
14032
14049
10181
13209
11365
11968
14389
10783
14984
14181
14215
11202
12438
12891
14892
10660
10696
11067
12062
10691
12870
10201
12656
11098
10483
11178
11376
11049
14704
14873
11812
14654
11025
12189
13464
10568
11552
11078
10613
14035
13384
11757
11457
12679
10950
11954
14676
11791
13300
10404
11608
14837
11514
10940
13260
11888
11723
13352
10398
12880
11805
10994
12983
13481
13104
14663
14260
10115
12784
11193
14798
10545
12586
14911
14584
13618
12819
12664
13937
10327
12957
14263
11501
13404
13979
12139
10226
12462
10819
11857
10370
10369
11876
10069
10785
11736
10519
14480
13301
14235
14066
12097
13927
11721
14699
11827
10990
12646
10890
12284
12480
11076
14669
10911
14656
11049
11413
11968
13074
10973
11891
12946
10132
12488
10450
14179
10474
10975
14116
14083
14811
14153
13968
14822
14632
14969
11872
14740
13624
14216
12208
10355
13866
12393
10500
11194
13059
10066
13601
12025
14690
11666
12536
12168
12176
14988
10018
14379
10616
11874
11371
12389
10017
10463
14588
10407
13070
12242
13422
13466
11811
13837
13368
11031
11410
12231
12473
12643
14800
11882
12046
14681
10158
10356
14982
14949
13354
13291
10046
10111
13868
12608
12733
11115
11851
13150
10764
14865
13303
14707
10541
14664
12793
14026
14137
12601
10935
14922
10129
13086
11373
10896
12221
13017
14458
11487
10208
14856
14641
13645
13536
11779
10781
13395
10216
10783
12251
13121
14060
10144
11301
11037
14291
13763
14717
13634
14767
14422
10272
12414
12197
14763
13981
10689
13898
11549
14782
10428
12070
11198
13808
10981
11262
13093
12201
13248
12258
14560
11161
12516
14122
10909
14803
14999
11727
14803
12340
14484
10596
10317
14569
13253
11740
14682
11295
12261
10427
12205
14686
10635
12458
11441
14114
11949
14487
11147
11454
12521
11708
14593
11979
10551
10851
11998
14800
10419
14859
12180
11195
12110
10512
12853
14053
10137
13323
13853
12014
14912
12807
11868
11599
10653
10324
11818
12217
10992
12978
13857
10488
14199
13150
13264
13641
10628
10610
10476
12407
11087
10877
11245
13762
10084
13306
10720
11320
14766
13906
11351
11589
13693
10682
11930
14157
11060
11083
13207
11909
10325
14883
10441
10217
14550
12921
13229
10207
14049
14514
14865
11726
10039
11100
12932
13561
12165
14238
14937
11838
13517
12464
13832
14866
10223
12703
10477
11969
10465
11189
11016
10121
13263
11531
13543
12540
13013
10137
11430
13194
10749
14261
11428
11710
14917
13814
12663
10092
12483
11379
13685
14854
13308
13287
12282
12073
12330
10240
13558
10181
12857
14543
14756
11794
13411
14453
14694
14664
13349
10852
14172
14679
12331
11532
11085
13726
12845
14782
12781
14998
14384
10807
12560
11254
14040
12907
12191
11507
11145
14103
10922
14644
12924
12506
12780
10890
10813
13329
12389
12572
12626
11426
14690
10251
12548
12200
10619
11039
12081
11332
10859
10892
11012
11618
13042
10906
10919
12306
10468
10737
11111
10464
13671
10873
12227
14104
12158
11873
11540
11479
14075
13207
13881
14938
10542
13812
12051
11950
11879
13994
10061
11360
12594
11867
14091
13679
12546
12812
13181
11813
11525
10513
10573
10413
12069
10747
12077
14928
11639
12654
10075
13343
10216
10243
10541
14625
12229
13015
11064
12385
12136
14175
13708
12421
12824
11827
13608
12322
14082
10296
14825
14417
10802
13152
13201
12916
12872
10840
13794
10627
13326
11357
14105
14349
12495
10381
10295
14192
11294
13338
13202
13107
11125
12400
11505
14865
13925
13232
14802
12361
14848
12056
10708
13368
12324
11028
12278
14094
14530
13483
13059
11790
14999
13532
11280
10468
11729
13786
12301
13311
13498
10917
10405
11186
10310
11029
13369
11445
10684
10218
12334
11951
13840
14713
12565
10093
14398
10988
13046
14463
12891
12000
13731
14827
14070
11251
12238
10373
14302
10000
12250
10192
11973
10379
12616
11244
10346
14857
13151
10201
14881
13994
13250
12321
13263
10825
10314
14681
14204
11131
10533
10117
13106
10226
12838
10478
11368
10913
13265
14621
10240
14392
13293
13786
10739
12745
14466
12408
12693
14145
10676
14904
12754
11545
14951
13438
13872
12934
10277
12248
14235
10766
12269
13012
13586
10948
11650
14010
11217
11184
11350
14214
10794
11419
11973
13018
12378
10133
10501
11326
13501
14747
12467
12598
12575
14455
13737
10531
14613
10474
13779
10613
10353
13756
14853
11697
13171
13290
10062
14406
14260
14135
14973
11885
10071
13382
11265
12357
11244
13111
12116
14644
14369
12010
14973
14036
14549
14378
12887
14739
13527
14934
12358
10100
14268
14557
10327
13709
10952
13915
14209
12679
12577
10174
10503
10574
14868
14371
13256
12136
10819
11910
11290
12471
14865
12181
11103
11097
14468
14824
14205
12196
11494
10070
10268
14235
11146
13526
14179
14449
10892
12484
12771
12775
10868
14669
10062
12395
11970
10543
10502
13897
12256
14730
11852
13368
11157
12342
14480
14581
12551
13421
11274
10954
14983
11212
14279
13091
11496
13457
13582
11169
10253
10751
11627
11711
10629
13181
13691
12176
10403
13155
12048
11873
11278
12171
13518
11402
12694
11359
10304
10681
10777
10458
10374
12169
13637
10303
14609
10799
13172
13711
10305
10144
12988
10049
14756
11478
11211
10821
10639
12904
11402
13588
10278
14842
12275
12810
10934
10307
12657
11292
10994
10615
11474
12347
11945
13416
11834
11068
13712
11081
10636
10665
10724
14580
14752
10324
14069
13930
13548
12557
14938
11432
14791
12184
14003
10430
10465
14332
12709
11862
13701
12750
11673
12304
10238
10767
11188
12644
12426
10015
12236
11614
12488
14768
10790
11435
10124
11452
10369
11570
11685
13772
14877
13479
11347
14734
11876
13716
13575
14183
14465
13095
12822
13665
14682
10906
12756
10866
14452
14027
14128
13230
12672
13672
13272
14742
13628
13646
10094
11986
14753
12746
11657
12274
11850
11883
10831
14660
10038
11047
11997
14869
14626
13136
14393
14339
10098
11029
13982
11187
12548
13968
10883
13990
14670
10230
12331
11357
11519
14889
14880
11216
11367
11215
11182
12270
11671
10649
14440
12694
13435
12175
12047
10229
13560
13257
13809
12567
11743
10023
14266
11985
11041
14838
10443
12035
12982
11988
11033
12869
10298
11309
13315
11939
11761
14820
11959
11254
13937
14604
11208
14718
14214
10700
12248
10656
14797
11907
12362
13224
11027
10940
11175
14859
11017
11223
12075
13166
14563
11104
14958
13946
13500
13307
14717
14352
14902
11981
10957
14335
12190
13656
10008
10508
14193
11407
10371
12499
13441
11672
14111
12586
12214
14045
12463
10072
14664
13348
10174
13067
12381
14763
14852
13418
14352
10565
11295
10783
14438
13468
11092
10505
14265
13531
11602
11078
14240
14433
10496
11512
10899
10830
11212
10222
10965
11083
13923
10455
14477
13536
10950
14942
12886
13511
14727
13834
13353
14968
10255
14633
13662
11599
12213
10617
12629
14567
12237
14064
12618
12863
12628
11368
11006
10719
14226
10060
12088
11416
11555
14916
10677
14342
10947
13444
11162
13506
11885
10362
11092
12111
12345
14901
13397
10447
12909
10977
11389
12298
12026
11429
10225
14240
10724
13817
10936
12133
10932
14447
14958
10980
14057
14638
14524
10726
10327
12681
10811
13620
11955
10278
13075
11869
10185
14295
11057
10518
14794
10839
14747
14294
13891
14805
11208
12508
10062
12552
11024
14157
11788
10712
14933
10451
11035
11795
10163
11461
10971
14914
14876
11201
11389
10827
13982
13464
12175
14978
14930
11769
10031
10039
12102
12462
14548
10521
13402
14131
13725
11342
13011
13121
14042
10892
13207
11539
13882
10475
13525
14706
11445
10289
14805
13620
10848
13358
11542
13457
12590
12846
11760
11786
11872
12405
13232
11040
13785
10682
10808
10056
11500
14341
14546
10108
12499
13912
14223
12335
14259
10572
12322
11389
13808
13829
11278
11952
13743
13211
12942
12757
12870
11141
13198
12394
12784
12760
14919
14581
12670
13144
11935
10449
11874
10329
12815
14203
11198
14087
14227
12732
12664
12333
12611
10673
13281
10642
13657
14713
10785
10953
12405
11152
13003
11259
10701
10589
10428
12853
10098
10306
10756
12926
13469
13614
12337
14173
10135
14483
11875
14964
11893
14680
12200
14019
10299
12174
10422
11035
13033
13978
13778
13096
10540
10275
14916
13769
12378
10066
14259
10030
14669
12186
12469
10224
12428
14302
13782
10900
10009
14345
11207
14123
14723
13143
12011
11375
14393
10389
11554
12386
10085
11385
13594
14909
10709
11463
11921
10874
12438
13501
12447
11716
12898
14882
13458
11426
13371
11103
10331
14181
10688
12813
11903
13919
13380
10498
13381
10748
13179
14413
11346
13125
12821
14036
12233
14040
11889
11645
13175
10655
10960
10349
14210
11235
12429
10821
10985
14750
12370
10673
11738
13707
12244
12570
13035
11866
14801
13251
12374
13852
10474
13585
13670
14988
11376
12951
14597
12385
14755
12131
10929
12531
14760
11937
11215
13693
11515
14401
12593
11390
12836
10467
13608
14314
14018
14481
10759
13008
13899
10285
13341
12937
12549
11374
14104
11536
14089
10294
11748
13808
11666
12604
12405
14988
10325
12349
14842
12848
14244
12395
14129
12437
12192
12999
12209
11991
14259
12097
12854
11257
10474
10449
14979
10292
14159
11901
10425
11774
11686
14949
11900
12843
11035
13812
11556
10056
12993
11850
12049
10070
14283
12231
14306
13903
12976
13258
13887
10936
12144
11475
13191
10033
14873
12448
13102
11322
11363
11900
10492
14524
10372
12464
11578
10179
10063
14983
10783
14682
10914
12562
12065
10176
13186
11216
13680
13964
11322
14626
12587
12369
12917
11041
10296
14582
12574
13673
13231
12768
14348
14404
13214
11894
13135
13970
13937
13884
12698
11834
14743
12431
11854
14913
10127
12437
10916
11457
10518
14683
13511
12525
13613
11271
13572
14087
14452
13316
14602
14425
13405
13511
14637
12258
13148
14230
12145
12367
11745
14069
10526
11695
12892
13241
11940
10674
14869
11024
12919
13794
14038
12036
11318
11323
12619
11996
11334
12715
12156
10919
10951
10836
11938
13249
14032
10094
11375
10135
13526
12096
13780
10492
12453
12609
10212
10917
14893
10660
14936
10604
13617
13603
10277
10237
14526
10976
13253
11317
10818
12292
13772
11923
13886
10105
11923
10596
14933
11318
14483
11652
13569
14668
12924
11180
10851
13644
12548
14176
11262
13510
14526
11830
14279
14799
14145
12604
10135
13325
10140
12839
11068
13452
10395
13490
11301
13851
13787
13549
11169
10527
11408
14995
14679
12010
13906
11360
12496
10047
11610
11756
11550
12416
13826
14602
12250
10538
12605
11496
11698
13311
13766
14474
12060
10285
13384
11144
11566
11203
13691
12009
13372
13067
12972
14074
14785
12250
13434
11114
13531
14026
14154
13987
10726
11156
14280
14890
10713
11021
10074
12846
14774
11819
10258
13642
12300
10707
12849
12295
14153
11117
12551
14656
14602
10481
10489
13660
10841
13856
11597
13612
12467
10243
10727
13951
10017
10702
14200
11265
13644
13405
12028
12488
14508
11212
12051
11632
10403
11603
12370
14088
11188
10874
14312
11912
14796
11407
10754
13567
12387
13806
14751
10988
10783
10231
10698
10770
13760
12691
12142
12429
14397
10520
10862
11274
10443
11394
10144
14613
11598
13147
13630
10892
10916
13256
12662
14329
14504
13441
13876
12894
14157
13517
13576
10387
12989
12207
13126
12377
10514
12373
13877
14210
14453
13912
11834
13014
10654
10966
11264
11523
11638
11443
12770
14313
11601
11709
12646
14766
10684
12357
12935
14015
11755
11008
11502
11566
10242
13615
10571
13154
12071
14847
12561
10826
11446
13450
12172
13810
11832
13279
12714
14141
13653
13136
12597
11611
12520
13737
13739
13585
11192
10203
14809
11837
10700
10750
10159
12660
12413
14756
12731
11618
12126
13822
12834
14806
14247
12334
13902
12954
11643
12946
12332
12021
11501
10174
11106
13491
14307
10260
12545
11327
10748
12163
12622
13430
14494
12617
10611
13015
13572
13899
13747
10511
14546
11755
11097
10441
11895
11717
12777
13154
14197
11278
12800
12013
14129
10827
14993
11606
13422
12152
10082
10932
14935
10936
13897
11324
13179
11622
11889
11023
11248
11310
14420
10242
13502
10111
10786
11589
12928
11657
12700
11230
11304
12493
14741
11070
11981
13311
12591
13671
11887
12561
12741
11144
12647
13529
12190
10278
12873
10066
10871
11133
10036
12089
10607
11728
10383
12399
14711
12969
11163
13360
14609
12449
11654
12930
10462
14824
11844
10613
12981
11603
10700
14125
14022
10532
14543
12376
13283
12527
12124
10334
14754
10725
12688
11977
13990
14526
11593
12341
14113
14802
13069
14862
10910
14718
13920
14493
11703
12993
11356
11448
14910
13469
10830
11489
11872
12541
11952
11485
11640
14259
14408
13542
11925
14531
12191
10231
13810
12419
11613
13715
13855
10080
10094
11583
10680
14135
13385
11683
11247
14267
11861
12305
11679
13850
11660
13346
10823
11768
12591
10573
10543
12502
10142
11620
11557
11208
12740
11468
12748
11693
13567
11780
14913
12799
14745
13708
14824
13002
11091
11759
13106
13269
10644
11984
10388
12499
11196
13828
13744
12169
11523
13597
12214
10301
13817
11582
10580
10750
13790
12836
13273
13352
14464
11114
13643
10497
10347
14083
10546
13521
12171
13591
14197
11132
11645
10447
13823
11686
14736
11784
11356
11818
11478
11261
13403
13750
12654
10525
10936
13825
12210
10286
12561
10043
14118
12446
14232
12228
11954
14306
10479
11644
10135
13545
11055
13019
13630
12096
12272
13268
12008
10606
12085
11492
14572
11879
13057
13615
12202
14942
10809
13448
14875
12898
14238
12242
12283
12751
14748
13074
10581
10866
12191
11335
10586
14505
13103
14114
11268
13161
12038
14344
10055
11457
14743
10017
10945
13738
13384
12615
10076
11081
14615
11441
14150
12687
10732
12585
12941
12504
13522
10229
12930
10444
11354
13771
10236
14473
13701
12306
12838
13117
14389
10019
12803
13351
14663
13667
14980
13979
10435
14787
14337
14890
10168
14465
13547
11844
12235
11780
11431
14948
10027
12712
12886
10712
14608
12526
12556
14890
12264
11705
11284
10239
10064
11611
13033
10293
14168
13219
13648
11824
12361
14800
12136
14819
14833
13319
11925
13687
10801
12403
13937
10876
11997
12501
11433
12696
14397
11534
11618
12899
10754
12472
11758
10277
13676
10990
10631
14926
14523
12441
12874
13750
10930
10320
12324
11634
13314
12533
14489
11453
10097
14221
10982
12287
10057
10076
12931
12813
12723
14072
14869
11979
14223
14017
10129
12735
11258
12883
14161
13473
14949
10974
13865
11369
14177
14490
13217
11573
14186
10048
13738
10823
14892
13902
10528
10576
14649
12465
10934
12230
10202
14079
14284
11532
13526
11272
14687
11176
11641
11199
10332
12090
12244
13826
12728
11119
12301
12524
12102
10837
11251
12014
14450
11635
12996
13402
11319
14016
10939
12580
13508
11164
10748
11904
11667
10844
13555
14432
10303
11963
14551
11069
11581
12108
13616
14715
12962
10474
14950
11515
11472
11311
13104
10952
11751
13629
13146
14308
11255
11507
11574
12235
12648
10285
11026
10743
13109
10871
11804
11850
13788
14988
14314
13753
14824
13818
12193
12859
13427
11340
12088
13925
10583
11443
11226
12757
10533
14758
13478
14537
13604
14572
11946
14738
12010
11221
11979
14425
13359
14927
11176
13565
13042
10016
11961
11076
14839
11688
12176
12838
12780
10800
12842
13410
10986
12870
13743
11985
13113
14333
14079
12435
10881
11619
12532
13301
10777
12769
13708
12084
11014
14681
14833
14312
13702
11763
14264
11757
12936
14725
14468
12603
12747
10843
13218
14875
12319
14863
12682
13807
13729
11760
13788
13991
11165
14185
13670
14704
10649
13124
13128
11288
10970
12336
11053
14100
11316
10268
12545
12399
13562
11362
13482
10286
11272
11956
10467
12273
11743
11882
10562
14709
11577
14589
12504
11761
14087
12297
13958
13485
12471
12504
10456
14207
14556
13917
10565
13037
13838
14556
10995
13214
10883
13863
13707
10307
12404
10411
14999
12456
12772
13203
12058
14527
12242
12129
14115
12372
13704
10416
10163
10522
14873
14495
12795
14647
10295
10673
10556
12352
12811
12974
12981
11663
11927
11356
12372
13530
12217
12694
14660
12023
11626
10072
14260
13516
12136
11200
10508
14337
14745
13737
12764
12198
14428
14626
14761
11604
11690
10938
10387
14255
10366
12929
14858
12791
12851
10727
11270
10130
13941
14780
14090
10561
13987
12714
12108
15000
12992
13598
14959
12517
12340
11478
10422
10300
11522
13916
13359
14870
11114
13356
10752
11268
11395
10291
12648
14566
13708
10051
14460
13547
14869
14572
14981
14583
12447
13239
13974
14475
12828
11848
12220
10116
11250
11533
10032
13402
13255
13326
12069
10850
14736
12739
10367
14672
13157
12185
14900
14762
10083
14547
12133
13827
14362
12936
14980
14985
11056
13139
11420
10487
13466
14237
10684
10192
14843
13462
12999
12761
14866
11650
11514
14516
11822
14517
13234
12301
10605
10087
12212
11355
10793
13447
13094
11590
11818
11432
13979
12118
10621
10671
11103
14116
13522
13260
11069
11433
14997
13974
10868
10854
12018
13886
13150
13103
13575
11410
11886
14793
13990
10257
11257
10367
13796
12332
11780
10673
14624
13026
13316
10586
12146
13751
11907
10195
12627
10633
10217
11132
14734
12042
14446
12888
10611
10558
13289
12706
13348
12320
12410
14100
13681
12252
13787
12966
10014
10758
13809
14871
13873
12754
14672
12018
14148
14343
12302
12055
14424
13661
10483
10158
13310
11086
12815
14394
13492
13525
12369
14730
11960
12252
10438
10360
10392
11454
11213
11577
12775
11636
10917
10886
10658
12412
10874
11501
14993
10196
14681
14574
14035
14107
11327
12629
13050
11731
11989
12629
11435
14791
11289
11131
12310
11381
10380
12107
13134
14841
12403
14724
12115
11691
14836
12372
12549
12490
12944
14735
13883
12961
14208
10602
13312
13540
10584
11490
10969
13470
10012
12464
13810
11257
10123
10780
14163
10655
12194
10255
11717
14498
10770
11607
12893
14225
14036
10233
11385
13428
10541
14046
12491
11081
11712
12223
12486
12544
14135
11710
11757
10344
10124
10021
12414
14439
10671
12449
11491
13284
11611
14733
13655
11059
11187
11058
11429
13886
14394
12364
14524
10770
13752
14512
12817
11750
14472
12011
11389
11867
11439
11930
11973
13114
12777
13348
14703
12681
11810
11457
12591
12266
11642
13495
12809
12546
13130
14204
10938
13262
14068
14234
13043
14660
11554
11822
10421
10253
10571
13988
12390
10320
10500
13756
14425
12386
13644
10722
12719
13671
13675
11624
13606
12206
12695
10893
13390
10687
12530
12193
13423
12977
11339
12257
11933
11054
13497
10023
14033
13131
13078
12753
13347
11496
12229
12604
12064
12120
11464
12375
11119
11245
13074
11961
14710
10775
12949
12790
11854
13053
11651
12734
12295
10659
10841
10561
10108
12288
12812
11762
11942
12764
13604
10642
11575
11568
13310
14604
13383
14559
10063
13364
13418
12426
13752
10912
11309
10345
10510
11508
12954
10764
10599
12666
12516
14490
13194
10494
13765
10456
14625
12134
11156
13827
14397
12014
12864
10087
13420
11273
11487
14295
14269
13773
11772
10316
11803
11785
12071
14603
14357
14830
14248
11992
10785
12081
10233
11551
13705
10863
11247
14983
12356
13146
12780
13549
13838
12368
13311
11545
12385
13134
14446
12049
10860
14360
12308
14268
13932
10012
14305
12053
12344
12499
11654
13649
12506
13294
12143
13889
13920
10370
13351
13380
10063
14101
14841
13000
11213
12467
11679
10416
13969
10818
14189
12249
11950
10723
10252
11761
10563
10422
10096
10334
11420
11796
12726
14723
13897
10525
10407
13711
13189
14025
12315
12488
10782
11480
11877
11681
11021
13678
10808
14756
12240
12105
11213
10727
14533
13836
13265
12916
11268
11528
11835
12755
11516
10256
14112
12352
10786
11927
10235
11550
14081
10870
14167
11935
10440
11967
12792
11051
14622
12633
11300
12215
14698
14491
12357
13197
14188
13230
11575
13896
10046
14541
14212
13399
11547
11490
10426
11326
10428
11230
13829
10429
10854
13659
10678
12665
14321
10894
12146
11504
12322
13845
11260
10282
11487
12784
14727
14875
14515
14306
12488
12076
11278
14863
10871
11073
13090
11165
14706
10118
12531
11760
11147
13916
11573
14032
13788
12335
14526
11744
14312
11709
12600
12440
11484
14237
10408
10360
13811
13596
12871
11317
13207
14818
12590
12210
13526
12025
10301
12245
10471
14484
12986
12830
11749
11148
11012
12842
10513
13614
14904
11112
14485
12885
10001
14469
10436
11675
10377
13076
11565
14455
14618
13372
14846
11687
10247
10251
11074
14426
11976
14864
14368
11524
10990
11474
10744
12300
11417
13632
12815
13822
14856
10102
14942
10846
10061
13050
12526
11406
10488
12665
10350
11570
11349
10153
12884
14273
12098
14991
11776
10053
10906
10685
14978
13057
13855
10213
11321
12989
12557
14442
14044
12204
10810
10143
13897
13419
11952
13240
10173
13023
11215
14227
14540
10604
13480
14648
12353
13750
14456
11248
10726
14293
10299
13576
14862
10485
11921
13537
11344
13344
14321
10742
11439
13329
11391
12035
11963
14640
14103
10564
14705
10361
12198
11830
10579
13350
11617
14667
13805
13726
12982
11255
12122
12493
11894
12934
12429
11221
12412
12229
10967
12989
14461
13736
11711
13434
10154
10896
10280
12893
10449
14589
12067
13970
13913
11812
10706
14484
14716
10630
11058
11174
14708
13534
13212
10355
14474
14494
12798
10936
10466
14140
12263
10976
10096
13318
11898
13065
12409
14138
14511
12641
11299
13437
12943
11352
14130
14854
10488
12219
11221
11327
13973
13616
12427
12753
13563
14112
13343
14130
12854
13893
12992
14358
10351
11161
14613
11226
14785
11540
10315
13531
14660
14238
12040
14072
12005
13383
10689
11875
10921
13094
12659
12024
12383
13215
10338
12355
13607
10478
10401
12605
10068
11628
13229
13556
10172
11029
14506
11829
11389
10678
10974
10811
14818
10789
13317
12707
13405
13699
13857
11267
11975
13224
14849
14213
11643
10161
12170
10953
14773
12235
12118
13670
12243
13073
12412
13018
12349
13523
12420
11287
12723
10582
12917
14522
13071
14558
13274
12238
14540
10070
14064
13156
12112
13841
12943
10992
11565
14188
12610
14287
11025
14397
11664
11544
13620
11550
13955
13574
10116
10032
14184
11202
12851
13931
10209
11913
14329
10358
12739
11725
10322
13086
12461
14561
10329
13086
13082
13031
14405
12511
14603
11742
11228
14651
11340
13506
10896
14416
11490
10879
10330
12610
12847
12338
11066
13985
12952
10148
13171
13028
14511
10463
13372
14075
12803
13443
13958
11943
12053
14589
14306
14593
11476
12411
14491
13281
12797
14995
11322
12422
10855
11155
13836
11731
12892
11666
14547
10033
13086
14801
12247
12544
12097
13739
10076
11156
14993
13041
10819
11573
10113
10384
11827
12795
13496
12622
11116
14769
12881
12488
12431
11862
14613
14288
10192
10508
10407
11998
13955
12185
10675
10926
10895
10653
10708
14732
14999
14808
12502
12002
11419
13379
10293
12683
14505
12136
12752
14667
13687
10695
12142
10927
13466
14373
13267
13937
12778
13036
11105
10312
13273
14062
10114
13350
10460
13058
13076
12436
11793
14051
12544
12495
11698
13072
11688
11566
13564
13517
13732
11664
13416
10203
13270
14776
11585
14813
13531
11476
10359
12770
14298
12241
12054
14826
11516
12102
14141
13185
13979
14932
14094
14662
12341
11996
10070
13428
14192
13637
14554
14005
12100
12180
14033
11571
12188
12203
13021
10238
14362
14780
10736
13160
12439
10363
13861
12606
10005
10628
13181
13564
11141
10345
10492
11459
11626
14808
11422
10630
13128
12268
13371
11411
12828
13788
10630
11935
12691
13216
14160
11185
13729
10735
10595
13808
10270
11306
14163
13738
14266
12825
13913
10239
14239
12589
13668
11024
13427
13688
13912
10445
14727
11576
11609
13281
13231
13743
13841
12192
12178
11872
11355
12882
14852
13315
10654
14584
14028
14505
12928
14881
13178
10379
10642
13723
11691
11143
13824
14736
11169
13409
12671
12291
11153
13732
12308
11306
12326
13420
10354
14378
11211
11936
10154
11097
12372
13123
12224
11012
13894
14813
10066
10188
10195
10045
10899
10027
12450
11143
14316
11215
13459
13801
10833
10805
11960
11130
10754
10816
14099
11949
14090
14759
10708
11058
10631
14908
13355
12181
13601
11382
13776
12077
12440
10274
12714
13989
14619
13219
11269
12168
10786
11606
11427
14555
13674
10540
11070
11025
12710
14774
14519
12430
13592
14659
14718
12989
12013
14932
12745
10720
10705
13553
12173
14095
10312
11884
12114
10978
12433
12197
14136
14782
14714
10022
14631
11345
11214
13554
12753
13741
10268
14108
14168
13760
11219
10163
10684
12976
11548
14339
13459
11240
14976
10116
10335
11395
10161
10135
11223
14205
13570
13910
14250
13381
11305
12512
14811
11333
13758
10696
13286
12918
12736
14065
11061
10239
13280
13866
13198
11984
13320
13695
11278
13964
13333
11340
14356
13039
14938
10163
14459
11810
12406
10627
11632
12910
10543
12316
14854
10024
11848
13074
12534
13364
14600
11751
13752
13912
12515
10543
13522
13378
13984
10624
12221
14796
12854
11671
14212
10859
11572
12899
13573
13847
13242
13637
13280
11754
12660
12218
13613
14301
12049
10693
10328
13125
10438
10671
12151
14091
12535
10067
14468
12395
10852
13044
11345
14629
14541
11601
12306
12989
14759
10493
11486
13313
11820
11009
14316
10970
12881
11266
11335
11382
10420
12222
13361
13415
10407
10376
11583
12132
10199
13342
12642
12428
10004
11021
14476
10575
13894
13707
12872
12598
13731
10655
14490
13531
12947
12835
12184
14648
11058
14137
13239
13567
10540
12503
11915
10338
14916
10112
14832
12714
13779
11754
12957
10796
11064
13430
13294
11167
14128
10306
12873
10060
10946
14221
11717
13544
10722
10015
10682
13118
10595
10635
11160
12364
10648
13617
14153
12716
11883
10945
10384
10000
12611
11608
11153
11587
12691
13320
11942
12646
14481
11576
13844
10046
12875
12089
10781
10454
11140
14124
10901
10621
13012
13352
10362
14132
12895
13582
12177
11885
14510
12957
13007
10284
13712
12476
12638
13986
11203
12801
13631
11974
10275
12808
10243
14962
10743
12616
11373
14951
13565
11700
11767
13924
12446
12070
12014
13654
11171
13140
13239
14577
13413
13204
12435
14132
14565
13699
14498
12516
13213
11178
14662
10568
11377
12147
14070
13231
10754
14773
13069
14265
14372
13485
13225
14091
10823
12129
13482
10962
14638
11171
13481
12652
10914
13346
13820
10598
14424
13680
13308
12967
11431
14487
10913
10666
10444
13590
10660
10645
12177
14966
12030
13137
12940
11186
12303
11179
10241
10796
10998
11648
13132
12203
10040
10094
13167
14142
10038
11695
11741
13617
13628
11512
12749
11618
13665
13928
13457
10146
10197
11249
12772
12644
13294
12582
11922
10596
14939
10294
11578
14142
13408
13337
13989
11050
12045
10199
11436
10198
13374
13171
14860
12967
10248
13724
11648
10834
10790
12218
14982
13196
10360
13512
11566
12370
13050
10830
10782
10215
11786
11853
14069
13833
12962
10742
13144
14540
11988
12545
11078
11625
13065
12249
13111
10845
11565
13802
12480
13295
12656
11961
11426
13865
13328
14165
10663
14828
14204
13583
10376
11834
11244
11425
12364
12933
12526
11182
12390
10363
12466
13322
12926
11824
10879
10070
11895
12020
13897
10800
12791
14122
14394
13160
11280
11145
10360
12362
10441
13768
11360
14589
14488
14193
10514
14558
11615
11534
12893
14909
10469
14080
14178
13067
13239
12414
10370
12097
12947
12750
14637
10930
14745
10435
12708
12788
14768
10380
13584
10842
11449
11199
10557
11804
12144
12868
10271
14042
13997
12413
12956
13195
13003
14289
12331
10973
13964
13278
12683
14103
12499
12653
12045
11048
14484
13969
13850
13216
12256
11860
12109
11361
11418
12399
13090
13487
13589
10168
10281
12465
10030
11140
14070
12080
12729
14860
12008
12662
12955
12261
13243
11702
11954
12410
12148
12250
12560
10524
11569
10049
13827
13060
11090
11927
13380
14812
11055
11128
14536
10805
14658
13008
14247
12594
11791
13303
10577
12690
13586
12052
11325
11093
12181
11340
12212
12357
14743
12824
13768
11894
13170
10833
10630
10389
11164
11849
11546
11979
11184
10739
10868
11854
11338
14655
10762
12927
14879
14587
10703
11532
10021
11850
14460
14256
14388
11052
13676
10925
11135
12004
12879
12725
11076
14571
13442
11362
14834
12557
12025
10424
12998
12460
11531
12556
10434
12284
11366
13257
12370
14864
11536
11209
10673
10517
13903
14309
11639
12879
12437
13643
13137
14817
10425
13068
14584
12768
10957
12801
14599
14170
11645
14023
12551
13717
11576
14964
14743
14723
13054
12082
11059
10530
13809
13015
14401
12800
14865
10081
10935
13946
11806
13494
13833
12694
10476
11814
14420
13471
14732
13146
12166
14731
11714
11364
11676
11731
10167
14580
12049
10227
14926
13425
10812
13504
12466
11629
10926
12603
12193
10977
11589
12696
12470
13492
14450
12613
11065
12158
14331
10001
14590
14592
14298
11682
12925
14090
10399
11418
12268
12804
12732
14669
13478
11124
13856
12936
13705
13356
11020
12304
13533
10687
10948
10549
10446
13099
11584
11036
11458
13230
11537
10285
13192
11908
11497
13474
13624
10559
14144
13296
11492
10926
13963
13461
14384
12729
13444
10850
12072
11064
12089
14640
10269
13991
14423
14247
14507
13772
10316
13572
11593
14068
10240
13374
11057
14919
10520
10472
13674
10215
11941
12795
13111
12328
10969
11525
13679
13577
13160
12808
14991
10653
14704
10468
12738
10876
12983
10332
14617
13517
10960
10105
11053
12308
12448
11993
14868
10641
11290
10097
13466
14711
12150
10226
12767
12388
13266
14232
10180
10594
14810
13976
12223
13464
10168
11543
12076
14300
10626
10647
12414
10047
12370
11244
12908
12310
13347
12082
12785
11271
14264
11885
10894
12542
14193
11133
12231
13913
11512
12837
12597
13878
10918
14322
14905
11232
14304
12752
10621
11053
12584
10356
13830
12908
12818
14366
12164
12654
14197
12988
11994
11864
10203
12366
11439
10928
14899
11906
14074
11522
11765
13454
10171
12021
14633
10905
13665
12818
14658
10837
14037
10236
14193
13104
14620
13553
13472
11242
14909
11212
12706
10507
11433
11157
14233
13507
11158
10814
10700
12914
13118
11666
10491
11188
14528
13066
12122
13078
12514
12762
10291
11517
13735
14904
12475
13214
12140
13968
13545
12554
12301
13665
10634
10536
11299
11712
14121
11164
12229
14762
10812
13374
14261
13485
12842
11380
12799
11251
10544
10288
14966
13538
10030
11481
10700
11059
11203
11635
12220
11177
11609
13663
13289
12686
14451
14898
11438
14636
13433
13681
10823
14421
14719
10892
10864
11480
14619
14917
14411
13239
14110
10358
10852
11475
13040
12375
11175
13253
11019
10970
13585
14618
13510
12050
11974
10323
11802
11926
12672
13463
10332
13983
14737
11168
10545
12988
13828
13240
10453
12154
13180
10246
12902
13980
10895
10245
12919
13506
12427
14852
14548
10742
12255
12410
13652
14194
10447
10993
14543
13911
14406
12085
13812
10635
10377
12654
13474
12809
13136
13477
14845
10899
14201
13602
11297
12298
11867
14899
14814
12162
13464
13157
12323
11714
11487
14885
13060
13292
10329
14859
12082
12197
12993
11330
10807
10773
11921
12502
11335
10200
13284
14705
12152
11880
12220
12647
13051
10596
13891
13011
11705
11152
12455
13576
14520
14412
14602
14104
13664
11588
12067
13029
10945
13515
14615
14022
10356
14651
10841
11078
12372
12335
12285
12977
11808
13237
14659
14674
13158
10965
10023
13240
11303
12813
13205
14835
10799
14624
14076
13778
14755
10848
11127
13010
10489
14627
11357
13194
13136
13744
13298
13252
13481
13916
13039
12048
10752
11077
11155
10125
12357
13351
11514
14208
13121
14092
10121
10353
11088
14108
10541
11045
12293
10408
13289
13401
14758
14854
14758
12462
10191
10058
14055
14883
13651
13765
10347
14853
14779
14808
13596
12699
13742
14628
10118
14697
13351
12582
11445
13626
12766
14964
12545
10682
14982
11412
14860
12014
13863
14847
14552
12999
12971
11221
14534
12331
12890
12826
13688
13680
10376
10580
12411
11075
10448
12082
11313
13504
10081
11702
14713
11961
13051
13947
14338
14147
12393
11036
10345
12303
10008
12225
12597
12344
11962
13373
10465
11946
14483
11214
11177
10603
13743
13017
12624
10148
10326
13310
13835
10287
14858
10203
12488
14908
11259
11049
10020
12717
12240
14896
14152
13472
14567
11476
14116
13003
11311
12850
10275
14771
10565
11841
14287
10056
14307
10777
14241
13380
14614
14642
14668
14488
13724
13171
14321
10931
13482
10228
12011
10459
11313
12240
12714
12480
10954
14792
11912
14140
10700
13717
14098
12442
11171
12041
11345
10229
13342
14824
14822
12928
13610
11433
12045
14677
14742
14242
10787
12054
10525
14245
14563
11912
13953
14054
12082
11361
13178
14228
11736
11239
10445
13902
13139
13461
12209
11431
13431
11494
11548
10518
12688
13884
10115
14246
12848
11308
13922
13978
13378
10685
11213
10027
11730
13936
11511
14589
13508
13860
11823
13231
10077
12584
11784
11931
10645
11703
12019
12595
10634
13520
11674
14253
10685
14563
11875
12576
13218
11886
10073
12500
12825
12283
13108
13195
14679
10990
14246
11622
10686
11536
11252
13816
13803
13147
14589
10008
10779
13071
11870
13243
14574
14691
12296
12993
14190
11219
11791
13201
13043
12714
13923
11330
10483
13017
11309
10564
11252
10389
11777
11031
12072
10804
13236
11322
12544
12187
13679
14807
10451
11289
11150
10691
11836
13469
11550
10322
11600
12804
13875
11771
11347
13933
11244
11032
12499
12051
11305
11285
12833
11013
13103
13239
14494
14845
14659
14845
11153
12411
13496
10576
12234
13724
10884
14309
14626
14403
14385
11757
11262
11038
12591
11771
14073
11973
11813
12402
12210
14376
11550
12414
12968
10600
13741
14880
13594
12644
10358
10664
11656
13274
13855
10834
14112
11316
11571
14735
12869
14099
14204
12889
10843
14448
13891
14370
12919
13371
12400
13874
11785
14193
11034
10891
11519
14859
11027
12659
12378
11946
13536
14931
12531
11831
12316
11847
12533
11950
10565
11452
11282
14017
13259
10667
12387
10192
13984
13839
12287
10281
11385
14516
12409
12158
13837
14943
12397
12320
14451
14197
12506
14806
14487
11930
13058
12677
13689
11354
11241
10842
14973
13357
11214
12373
10029
13755
12014
13375
10831
11179
13466
10863
11108
13344
12737
14880
12582
14659
10393
13279
13171
10391
13653
10941
14014
14329
11075
12625
10033
14064
13721
12725
12800
12655
10712
13554
11246
13585
13368
14034
10729
10070
12402
11300
11445
12459
14066
13980
10059
13097
12759
13586
14309
10177
12677
13822
11649
12572
12401
13271
14840
13430
11525
13489
14867
10281
14557
14120
11161
12325
13626
14874
14811
11013
14589
10119
12500
13026
10206
14969
12671
14298
11851
14784
10653
13523
10411
14281
14303
12354
14639
11836
13529
11749
13010
12683
14019
13726
14507
13596
11245
11221
12468
10347
10686
11858
14392
10325
10697
14563
13218
13943
11151
10105
13751
13777
10606
10130
13570
11701
14663
13590
11605
13838
11249
10842
12987
10549
12681
13143
11251
13901
12620
10467
10211
10963
12864
14752
10751
14021
11298
14181
14646
14097
11338
10262
10639
14269
10062
13293
10753
12344
10198
10494
13158
10693
11759
14899
11583
12883
13012
12413
13698
14046
11047
13790
11889
12756
14277
11080
10839
14899
11051
11711
14437
10677
14347
11815
12209
13456
11392
12544
13579
13331
14010
12671
13931
14443
10779
11346
11881
12394
13004
11969
10723
13050
10979
13724
13314
13383
12890
10310
13798
12826
13275
14824
13294
10320
13686
10903
11180
10564
14350
10289
11591
12702
11281
12616
13983
14409
10219
13680
11112
10925
10710
10309
13721
14856
14523
12437
10496
11047
11769
10482
10831
12032
11050
14613
11516
11554
13744
14475
13823
12959
13045
11324
11359
11139
12259
13952
10467
13408
14917
13471
13245
12242
11778
10845
12353
11931
10353
14359
12181
13385
10014
11512
12833
11184
11141
13240
14454
11765
10341
11581
11041
13950
14031
13672
13838
11190
10526
11508
11019
10277
11859
13247
11789
13586
10065
13065
10403
10101
13522
10845
12194
11782
12511
11430
10144
10219
10463
12991
11193
14911
12340
11644
12002
12976
14768
14134
14982
14306
12275
10415
10471
10326
13070
13475
11040
13892
10848
14358
14127
10837
13681
11712
10844
13554
12732
11654
13125
12774
10826
13768
14174
11702
12138
11599
14956
13852
12712
10128
11163
10654
14799
14491
11543
13897
10402
11205
12671
10521
13613
12800
10243
10657
10631
13313
14933
14616
11364
14050
11186
14462
13738
12947
13264
10738
12096
10080
12444
13028
13845
14769
14586
10599
10774
12771
11549
13914
13182
14346
12380
13556
14028
10643
11321
12011
11035
12537
12494
14654
12550
12234
12192
12386
13393
14589
12950
10106
12993
13319
10581
11357
12378
10382
14416
12823
10516
14000
10006
14002
12114
13681
14122
13819
10941
14390
13861
10761
11151
13530
11360
14214
11125
14059
14028
12248
13124
10747
12751
13624
14779
13332
14224
13563
10907
11047
14228
10653
11588
12035
12231
13158
11938
14670
10042
13079
14850
14468
14263
11092
12657
10542
12025
12646
12072
12733
11469
11684
14023
11864
12784
14644
14689
13910
12733
11979
13511
10402
12709
11677
13020
12379
12887
11355
10669
12745
10845
11445
12327
14808
13854
13231
13416
14236
14862
13675
14748
12360
10449
10640
11926
13859
14060
12192
11423
10513
14197
11375
10013
14028
12450
13491
11959
12900
10663
11748
10145
12907
11817
13356
10858
11068
11136
13275
12487
12980
13306
10598
11812
11772
10932
13122
12771
14218
11655
13218
10534
11090
14508
13831
12387
10615
12241
11644
12344
11062
12386
13914
10469
11377
11213
12144
11602
14745
13431
13119
12987
13294
11470
11373
13974
13054
12712
12355
14605
12230
14957
10428
14230
13920
14366
12897
10089
10797
11907
12216
10120
11559
10446
13832
10864
14576
13050
12170
13167
11215
14102
12474
12971
14016
13445
13120
11461
11850
10563
13784
14169
13635
10125
10001
10831
10954
10134
13274
14179
13368
10703
12912
12816
12226
14609
11422
12142
10636
13019
10281
14530
12965
12230
13808
14895
13426
11632
13915
12092
11198
12089
14406
13834
11860
11259
10898
10425
13655
12836
13233
11808
12285
13622
11508
12653
11426
10762
11516
11916
10416
10808
12504
10288
11481
13012
14009
12866
10900
10403
12328
10473
11262
13788
10310
10680
10356
11039
12004
10064
11394
14339
13722
13116
13923
11096
13883
12548
13272
10571
12517
12331
11637
12054
12632
12402
14234
12120
10490
12275
13599
11740
12886
11914
10800
13235
13554
11334
10981
12397
14528
11923
13410
10181
14433
14778
14719
12141
13003
10768
11149
12194
14494
10821
12957
11068
14409
14661
12506
12071
11975
10510
11028
10706
13164
12298
12115
14037
14034
12383
10639
10146
11346
12151
11610
10527
14690
13689
14752
11492
13355
12350
11487
13490
12638
10738
14381
11577
12820
11711
12133
10371
13123
12641
10104
11137
14432
14946
14783
14810
12957
13631
12815
10816
13443
14937
13676
10292
13552
10461
10015
12941
11443
10405
10232
14117
10480
11248
13975
12237
13078
12997
12738
11568
12205
10206
12720
10726
12679
11650
14869
12743
10479
11875
12329
12930
10882
10802
14132
11075
11680
14336
13834
11482
14100
12953
13193
11715
11792
10510
12806
10297
11527
12423
14391
13334
10515
12555
12244
11977
10097
14268
11978
13583
11725
12603
12812
11771
14450
12147
12226
11863
11279
14135
14837
12492
10280
10056
10625
10674
13533
13990
13388
14012
14534
10838
12320
13311
12712
12091
12035
10964
10965
14474
12674
13063
13407
14121
10319
11039
11387
10006
11676
11852
14192
13951
12535
14745
12482
12766
12241
10211
10730
11110
12214
10582
14987
12876
12195
11814
12933
10495
11270
11625
11738
13952
10242
11149
14081
14938
12288
10257
12039
13000
12925
13334
11068
14001
13329
13501
10742
13872
12510
13016
14000
14815
12747
13864
12112
14841
11242
10566
10632
13942
11691
13251
11313
14883
14789
14952
12290
10408
11818
13632
12802
13649
10041
11791
10780
14339
14894
13634
12762
12436
12277
12348
13465
13187
14394
13049
14274
12950
11300
13262
13293
11250
14873
12986
11833
12732
11825
13326
13083
11206
12459
12235
12068
14656
10705
10531
13562
14717
11761
13425
14619
10282
14868
11589
14086
10613
14001
11538
10052
13732
12210
14091
13510
13474
10026
10007
12141
12263
14917
14149
13300
12374
14161
10423
12582
10213
12711
13772
10077
10179
11598
11894
11048
12537
13015
14251
14261
13966
14900
13330
10257
11905
10685
10451
13352
13897
10680
13414
11423
10800
10546
13301
14508
11465
10320
13330
12647
14706
11105
14809
14424
14925
13169
12921
14758
13006
11011
14388
13754
12073
12460
14394
14487
10576
14774
13444
13461
14949
10190
10111
13997
14080
12645
11530
11893
12030
14780
13768
13845
13680
14123
10297
13944
13796
11820
11409
11856
10930
10634
13154
11423
11131
11605
11503
14731
10419
11573
13759
10613
10761
13011
14760
14491
13696
12475
12213
10817
14325
14035
13796
13327
13356
14222
10391
11893
12955
10438
11359
14902
11924
11735
13374
10544
14638
10295
14616
11279
10279
11593
12663
10159
10160
14768
10822
14719
11809
11442
13996
12784
10385
12010
12714
10270
12928
14809
10192
11901
13107
10437
10268
14172
10550
10056
14762
10288
14118
13221
11671
14384
12230
13750
13799
12684
14101
13973
13820
13754
13849
12227
13339
12330
10284
11067
14342
12470
12312
14781
12797
14782
12653
11869
12425
14553
10726
14772
10337
13053
14662
10791
12983
11687
14646
12074
14141
13270
11560
12846
14967
13334
11775
14200
13114
13669
14626
10086
13584
13335
14265
13499
14504
12988
11645
11972
13035
10304
